# sensor covariances
sensor_cov:
    # array of coeffiencts for velocity (v) dependent covariances
    # example: [x_2, x_1, x_0]
    # resulting covariance = x_0 * v^0 + x_1 * v^1 + x_2 * v^2
    odo_pos_var:    [0]
    odo_vel_var:    [-3.128669657567149e-04,0.003800467747832,0]
    imu_acc_cov_xx: [0.296607704273266,0.060196913780543,0.102800000000000]
    imu_acc_cov_yy: [0.185711624460850,0.102242720248745,0.084900000000000]
    imu_acc_cov_zz: [0.288028340032155,3.045506482735742,0.215100000000000]
    imu_gyr_cov_xx: [0.001464116670147,2.189349670133266e-04,2.584000000000000e-04]
    imu_gyr_cov_yy: [0.001005399593144,0.001448078042849,9.376400000000000e-05]
    imu_gyr_cov_zz: [-7.973897706740275e-05,0.001160148046352,1.962500000000000e-04]
